# Time taken : 1403.85 ms
100 3.85284
108 3.63803
118 3.39031
129 3.14082
140 2.91221
153 2.66563
166 2.44182
181 2.20924
197 1.98933
215 1.7752
234 1.58712
255 1.42575
277 1.31113
302 1.24913
329 1.25733
358 1.33525
390 1.4767
425 1.66852
463 1.89572
504 2.14372
549 2.40194
598 2.6458
651 2.83941
709 2.94631
772 2.94897
840 2.86868
915 2.73872
997 2.58763
1085 2.43432
1182 2.28225
1287 2.13743
1401 2.00038
1526 1.87003
1662 1.7473
1809 1.63253
1970 1.5238
2145 1.42163
2336 1.32528
2544 1.23465
2770 1.14964
3017 1.06949
3285 0.994528
3577 0.924161
3895 0.858203
4241 0.796487
4618 0.738712
5029 0.684656
5476 0.634247
5963 0.587199
6493 0.543376
7071 0.502511
7699 0.464576
8384 0.429252
9129 0.396482
9941 0.366037
10825 0.337809
11787 0.311661
12835 0.28743
13976 0.265003
15219 0.244247
16572 0.225061
18045 0.207333
19649 0.190956
21396 0.175831
23299 0.161866
25370 0.148989
27626 0.137108
30082 0.126156
32756 0.116063
35668 0.106762
38839 0.0981932
42293 0.0902991
46053 0.0830325
50147 0.0763435
54605 0.0701866
59460 0.06452
64746 0.0593068
70502 0.0545107
76770 0.0500989
83596 0.0460409
91028 0.0423097
99121 0.0388786
107933 0.0357242
117529 0.0328242
127977 0.0301585
139355 0.0277081
151744 0.025456
165235 0.0233861
179925 0.0214839
195922 0.0197358
213340 0.0181296
232307 0.0166537
252960 0.0152976
275449 0.0140517
299938 0.0129071
326604 0.0118554
355640 0.0108894
387258 0.0100019
421687 0.00918656
459177 0.00843762
500000 0.00774966


NaN NaN
NaN NaN
NaN NaN
NaN NaN
NaN NaN
NaN NaN
NaN NaN
NaN NaN
NaN NaN
NaN NaN
NaN NaN
NaN NaN
NaN NaN
NaN NaN
NaN NaN
NaN NaN
NaN NaN
NaN NaN
NaN NaN
NaN NaN
NaN NaN
NaN NaN
NaN NaN
NaN NaN
NaN NaN
NaN NaN
NaN NaN
NaN NaN
NaN NaN
20022 4.43153
20679 1.9375
22077 0.853967
23654 1.50371
25493 2.26376
27286 2.78262
29342 2.92487
31499 2.75506
33845 2.47398
36633 2.19261
39686 1.94216
43057 1.7243
46756 1.53691
50559 1.37444
54435 1.23288
58419 1.10895
62756 0.999734
67713 0.902993
73432 0.817157
79678 0.740581
86474 0.672127
93882 0.61064
101913 0.555479
110643 0.505692
120076 0.460801
130206 0.42017
140725 0.383385
153231 0.350047
166855 0.319765
181152 0.292247
193956 0.267202
209582 0.244408
226900 0.22364
245890 0.204703
266641 0.187419
289284 0.171635
313934 0.157226
340782 0.144052
369986 0.132012
401738 0.121001
436255 0.110926
473748 0.101704
514433 0.0932598
558475 0.0855294
605892 0.0784491
655260 0.0719623
713520 0.0660175
776952 0.0605697
846024 0.0555758
921240 0.0509971
1003152 0.0467984
1092336 0.0429485
1189452 0.0394174
1295196 0.0361786
1410348 0.0332074
1535724 0.0304817
1672260 0.0279806
1794620 0.0256858
1932611 0.0235799
2089076 0.0216474
2261699 0.0198737
2450781 0.0182459
2657249 0.0167518
2882329 0.0153804
3127410 0.0141215
3394074 0.0129659
3683971 0.0119051
3998890 0.0109312
4340608 0.0100371
4710737 0.00921632
5110101 0.00846273
5534831 0.00777083


200 0.691079
216 0.589874
236 0.489531
258 0.404282
280 0.338308
306 0.278286
332 0.232293
362 0.191617
394 0.158625
430 0.130498
468 0.108032
510 0.0892131
554 0.0742318
604 0.061304
658 0.0507506
716 0.0421527
780 0.0349516
850 0.0289839
926 0.024071
1008 0.0200414
1098 0.0166756
1196 0.0138869
1302 0.0115875
1418 0.00966713
1544 0.00807435
1680 0.0067586
1830 0.00564766
1994 0.00471917
2170 0.0039558
2364 0.00331047
2574 0.0027748
2802 0.00232801
3052 0.00195162
3324 0.00163707
3618 0.00137548
3940 0.0011549
4290 0.000970308
4672 0.000815147
5088 0.000684995
5540 0.000575994
6034 0.000484155
6570 0.000407308
7154 0.000342692
7790 0.000288375
8482 0.000242741
9236 0.000204339
10058 0.000172004
10952 0.000144837
11926 0.000121965
12986 0.000102727
14142 8.65109e-05
15398 7.28897e-05
16768 6.14007e-05
18258 5.17378e-05
19882 4.3592e-05
21650 3.67328e-05
23574 3.09583e-05
25670 2.6091e-05
27952 2.19907e-05
30438 1.85344e-05
33144 1.56231e-05
36090 1.31701e-05
39298 1.11026e-05
42792 9.35963e-06
46598 7.8901e-06
50740 6.65217e-06
55252 5.60825e-06
60164 4.72847e-06
65512 3.98689e-06
71336 3.36162e-06
77678 2.83446e-06
84586 2.38989e-06
92106 2.01518e-06
100294 1.69927e-06
109210 1.4329e-06
118920 1.20827e-06
129492 1.0189e-06
141004 8.59206e-07
153540 7.24547e-07
167192 6.10987e-07
182056 5.1524e-07
198242 4.345e-07
215866 3.66418e-07
235058 3.09002e-07
255954 2.6059e-07
278710 2.19759e-07
303488 1.85329e-07
330470 1.56292e-07
359850 1.31806e-07
391844 1.11157e-07
426680 9.37428e-08
464614 7.90577e-08
505920 6.6673e-08
550898 5.62287e-08
599876 4.74188e-08
653208 3.99917e-08
711280 3.3729e-08
774516 2.84425e-08
843374 2.39878e-08
918354 2.02315e-08
1000000 1.70619e-08


2046 0.226189
2160 0.192239
2319 0.159691
2502 0.132685
2648 0.11205
2835 0.093361
3040 0.0790131
3277 0.066237
3509 0.0557606
3750 0.0467031
4026 0.0393503
4340 0.0330811
4676 0.0279973
5054 0.023526
5439 0.0198035
5802 0.0167113
6228 0.0140716
6719 0.0118423
7272 0.00997327
7870 0.00841315
8523 0.00708797
9230 0.00597222
9894 0.00503812
10610 0.00424665
11450 0.00358119
12364 0.0030244
13361 0.00254859
14398 0.00214638
15618 0.00181217
16964 0.00152683
18419 0.00128777
19998 0.00108667
21726 0.000915893
23522 0.000772103
25140 0.000651698
27096 0.000549514
29231 0.000463497
31510 0.000390794
34176 0.000329497
37080 0.000277921
40251 0.000234274
43690 0.000197606
47432 0.000166659
51494 0.000140556
55894 0.000118556
60647 9.99889e-05
65689 8.4313e-05
71188 7.11098e-05
77519 5.99688e-05
84409 5.05782e-05
90667 4.26473e-05
97807 3.59736e-05
105823 3.03354e-05
114624 2.55861e-05
124261 2.1577e-05
134776 1.81968e-05
146229 1.53477e-05
158708 1.29437e-05
172288 1.09165e-05
187065 9.20613e-06
203132 7.76424e-06
220585 6.5484e-06
239537 5.52291e-06
260096 4.65783e-06
282352 3.92802e-06
306238 3.31289e-06
331512 2.79391e-06
360984 2.35632e-06
393072 1.98731e-06
428016 1.67606e-06
466068 1.41355e-06
507516 1.1921e-06
552636 1.00539e-06
601764 8.47927e-07
655260 7.15127e-07
713520 6.03112e-07
776952 5.08654e-07
846024 4.28988e-07
905821 3.61797e-07
976493 3.05124e-07
1055905 2.57334e-07
1143350 2.1703e-07
1239069 1.83038e-07
1343563 1.54368e-07
1457440 1.30192e-07
1581427 1.098e-07
1716307 9.26025e-08
1862938 7.80985e-08
2022195 6.58664e-08
2194980 5.555e-08
2382040 4.685e-08
2583697 3.95105e-08
2796844 3.33227e-08
3029939 2.81046e-08
3299318 2.37028e-08
3592644 1.99885e-08
3912040 1.68594e-08
4259838 1.42184e-08
4638557 1.19913e-08
5050947 1.01126e-08
5500000 8.52737e-09


200 0.121624
216 0.104567
236 0.0878362
258 0.0736662
280 0.0626578
306 0.0525493
332 0.0446983
362 0.0376401
394 0.0318045
430 0.0267242
468 0.0225758
510 0.0190216
554 0.0161277
604 0.0135737
658 0.0114412
716 0.00966545
780 0.00814641
850 0.00686133
926 0.0057823
1008 0.00488051
1098 0.00411373
1196 0.00346756
1302 0.00292619
1418 0.0024672
1544 0.00208108
1680 0.00175788
1830 0.00148158
1994 0.00124794
2170 0.00105375
2364 0.000887919
2574 0.000748964
2802 0.000632048
3052 0.000532751
3324 0.000449135
3618 0.000379111
3940 0.00031968
4290 0.000269648
4672 0.000227357
5088 0.0001917
5540 0.000161696
6034 0.000136305
6570 0.000114972
7154 9.69675e-05
7790 8.17806e-05
8482 6.8981e-05
9236 5.8178e-05
10058 4.90573e-05
10952 4.13753e-05
11926 3.4893e-05
12986 2.94292e-05
14142 2.48146e-05
15398 2.09315e-05
16768 1.76509e-05
18258 1.48876e-05
19882 1.25548e-05
21650 1.0588e-05
23574 8.93025e-06
25670 7.53145e-06
27952 6.35191e-06
30438 5.35671e-06
33144 4.51773e-06
36090 3.81028e-06
39298 3.21358e-06
42792 2.71023e-06
46598 2.28558e-06
50740 1.92766e-06
55252 1.62568e-06
60164 1.37106e-06
65512 1.15635e-06
71336 9.75244e-07
77678 8.22497e-07
84586 6.93639e-07
92106 5.84998e-07
100294 4.93379e-07
109210 4.16107e-07
118920 3.50931e-07
129492 2.95968e-07
141004 2.49614e-07
153540 2.10517e-07
167192 1.77541e-07
182056 1.49734e-07
198242 1.26282e-07
215866 1.06503e-07
235058 8.98217e-08
255954 7.57547e-08
278710 6.38886e-08
303488 5.38813e-08
330470 4.54421e-08
359850 3.83251e-08
391844 3.23226e-08
426680 2.72603e-08
464614 2.29885e-08
505920 1.93898e-08
550898 1.63527e-08
599876 1.37909e-08
653208 1.16316e-08
711280 9.80916e-09
774516 8.27346e-09
843374 6.97655e-09
918354 5.88409e-09
1000000 4.96316e-09


3300 1.02189e-06
3468 6.44778e-07
3666 3.79485e-07
3921 2.22535e-07
4200 1.36306e-07
4515 8.00665e-08
4824 4.91129e-08
5181 2.9241e-08
5466 1.75973e-08
5784 1.04176e-08
6204 6.26954e-09
6681 3.74451e-09
7173 2.27952e-09
7740 1.35754e-09
8334 8.12241e-10
8922 4.89334e-10
9672 2.92747e-10
10284 1.74839e-10
10953 1.04604e-10
11718 6.28686e-11
12537 3.76319e-11
13428 2.25264e-11
14520 1.3565e-11
15714 8.12645e-12
17016 4.87273e-12
18408 2.91508e-12
19953 1.79053e-12
21630 1.0695e-12
23424 5.731e-13
25386 4.08105e-13
26772 2.11045e-13
28353 7.23216e-14
30174 8.92119e-14
32514 5.2708e-14
35076 8.84687e-14
37890 2.68329e-14
40962 1.02243e-14
44304 4.47957e-14
47940 9.95751e-14
51870 2.17856e-13
56136 6.52161e-14
60699 3.74353e-14
65529 4.05338e-14
70110 1.38653e-13
76338 6.26358e-14
83124 1.101e-13
90522 1.95587e-14
98568 2.16466e-14
107334 5.53491e-14
112284 4.91686e-14
120201 8.59511e-14
129165 1.50708e-13
139116 2.75499e-14
150033 6.12485e-15
161970 5.93565e-14
174984 3.07686e-14
189138 9.35306e-15
204543 1.15508e-13
221256 8.10019e-14
239385 4.9087e-14
259017 9.06709e-14
280218 1.37657e-13
303045 2.9948e-13
327375 3.45479e-13
352203 4.11282e-14
380550 2.44834e-13
414390 2.22128e-13
451230 7.64069e-14
491340 1.11006e-13
535020 3.22658e-14
582585 6.49502e-14
634395 2.42488e-13
690795 4.94183e-13
752205 3.9889e-13
819075 5.01987e-14
891900 1.37519e-13
971190 1.96343e-13
1057530 7.59808e-14
1151550 4.29989e-13
1207506 3.94494e-13
1280838 6.89036e-13
1369860 1.29258e-13
1470258 8.14339e-13
1581336 3.66912e-13
1703181 9.20438e-14
1836264 5.04263e-13
1981131 1.90494e-14
2138517 9.71324e-13
2309109 7.29371e-13
2493576 3.22193e-13
2692443 1.35275e-13
2905656 1.04045e-13
3131529 1.58124e-13
3359532 4.97256e-13
3599256 1.34599e-13
3919248 9.23408e-13
4267680 4.7784e-13
4647096 2.10006e-13
5060244 2.08448e-12
5510124 3.15556e-13
6000000 8.57713e-13


1001 0.000234093
1081 0.000172454
1181 0.000121283
1291 8.50698e-05
1401 6.14111e-05
1531 4.31087e-05
1661 3.11417e-05
1811 2.20525e-05
1971 1.57266e-05
2151 1.10925e-05
2341 7.90959e-06
2551 5.6112e-06
2771 4.03143e-06
3021 2.85426e-06
3291 2.02701e-06
3581 1.44613e-06
3901 1.02699e-06
4251 7.2835e-07
4631 5.17168e-07
5041 3.6837e-07
5491 2.61673e-07
5981 1.859e-07
6511 1.3237e-07
7091 9.40926e-08
7721 6.69412e-08
8401 4.77599e-08
9151 3.39243e-08
9971 2.40672e-08
10851 1.71593e-08
11821 1.21831e-08
12871 8.66795e-09
14011 6.17309e-09
15261 4.38571e-09
16621 3.11692e-09
18091 2.22085e-09
19701 1.5791e-09
21451 1.1237e-09
23361 7.98413e-10
25441 5.67794e-10
27701 4.04135e-10
30171 2.87129e-10
32851 2.04449e-10
35771 1.44992e-10
38951 1.03355e-10
42411 7.35465e-11
46181 5.25e-11
50291 3.76307e-11
54761 2.6434e-11
59631 1.85929e-11
64931 1.34861e-11
70711 9.69057e-12
76991 6.69729e-12
83841 4.68966e-12
91291 3.55924e-12
99411 3.13713e-12
108251 1.82788e-12
117871 1.29292e-12
128351 7.81935e-13
139761 5.74422e-13
152191 2.79707e-13
165721 2.27313e-13
180451 9.00291e-13
196491 3.07219e-13
213961 1.20648e-13
232991 9.15458e-13
253701 5.52647e-13
276261 5.6989e-14
300821 2.49279e-13
327561 4.48636e-14
356681 3.71199e-13
388391 1.83637e-12
422931 1.02005e-13
460531 5.31849e-13
501471 4.11597e-13
546051 1.48049e-13
594601 5.13216e-13
647461 4.11998e-13
705021 6.71984e-13
767701 8.73401e-13
835961 6.31207e-13
910281 1.34098e-12
991211 8.44918e-13
1079331 9.81255e-13
1175291 9.38261e-13
1279771 2.15893e-12
1393551 1.01002e-13
1517441 8.68806e-13
1652351 2.00165e-13
1799251 2.22471e-13
1959221 6.85521e-13
2133401 1.22961e-12
2323071 5.53715e-13
2529601 5.2737e-13
2754491 1.21312e-12
2999381 4.75864e-13
3266041 1.11459e-12
3556401 2.19963e-13
3872581 1.59195e-13
4216871 5.89098e-14
4591771 3.53819e-13
5000001 1.70067e-13


