344 0.00195525
364 0.00260498
384 0.00200139
396 0.00138897
404 0.0013081
424 0.000999954
448 0.000708582
444 0.00208626
496 0.000444191
504 0.000366821
532 0.000343752
552 0.000336476
568 0.000283281
580 0.000368708
632 0.000220564
664 0.000142332
696 7.43814e-05
728 6.46654e-05
764 4.9895e-05
812 2.6598e-05
848 2.22784e-05
884 1.88434e-05
928 1.23024e-05
964 1.02249e-05
1016 6.99569e-06
1068 5.57279e-06
1128 4.77362e-06
1168 3.83343e-06
1212 3.41649e-06
1276 2.45253e-06
1344 1.89891e-06
1404 1.78003e-06
1472 1.1822e-06
1544 1.17539e-06
1616 8.24236e-07
1696 7.39165e-07
1792 5.30689e-07
1884 4.19602e-07
1992 3.23459e-07
2092 2.77717e-07
2204 2.13984e-07
2332 1.74893e-07
2452 1.44227e-07
2576 1.35129e-07
2724 8.90895e-08
2880 7.33834e-08
3036 5.44285e-08
3196 4.60655e-08
3380 3.48139e-08
3556 3.27624e-08
3768 2.26221e-08
3976 1.75104e-08
4204 1.39753e-08
4444 1.12103e-08
4692 8.96531e-09
4964 6.86062e-09
5248 5.92082e-09
5548 4.71901e-09
5872 3.5605e-09
6216 2.876e-09
6584 2.34658e-09
6956 2.04469e-09
7368 1.5239e-09
7792 1.32789e-09
8252 1.01799e-09
8732 8.06731e-10
9244 6.53715e-10
9776 5.66409e-10
10356 4.21938e-10
10964 3.57403e-10
11608 2.93182e-10
12292 2.36283e-10
13004 1.9666e-10
13788 1.46301e-10
14600 1.17993e-10
15456 9.82196e-11
16368 7.85782e-11
17336 6.33346e-11
18360 5.17699e-11
19440 4.0938e-11
20580 3.40135e-11
21804 2.57942e-11
23088 2.19122e-11
24444 1.83866e-11
25892 1.4365e-11
27420 1.1479e-11
29040 9.4998e-12
30752 7.64477e-12
32568 6.13798e-12
34496 4.96011e-12
36540 4.03624e-12
38704 3.25667e-12
40992 2.6678e-12
43416 2.18381e-12
45984 1.84824e-12
48708 1.50826e-12
51584 1.27047e-12
54640 1.06296e-12
57880 8.83746e-13
61300 7.68992e-13
64928 6.71584e-13


